0.680027 0.198349 0.354135
-0.623965 -0.0354783 1.49941
-7.89483 -3.56904 1.70813
-8.43883 -3.12863 2.2939
-11.6297 4.79251 2.41135
-11.7129 5.39223 -2.64878
-6.03647 5.03893 -2.75577
-5.20757 4.50101 -3.55599
-2.64593 -5.05735 -4.65682
-2.08213 -5.41435 -5.28491
4.21795 -10.5125 -5.10737
5.21888 -10.2573 -6.01596
8.62429 2.22429 -5.50197
9.0576 2.77892 6.30482
3.66366 5.69956 7.0534
2.40211 5.81881 8.00869
-3.42394 2.45201 7.29719
-2.33929 2.19966 -8.8789
-8.2275 1.99572 -9.43146
-9.13174 2.07132 -10.515
-13.5367 -2.55585 -10.2092
-13.3112 -2.84751 -11.1762
-7.92751 -8.50963 -10.205
-7.71387 -8.44173 11.2118
1.60742 -5.57095 11.9046
1.90638 -4.57661 13.3435
1.25946 0.856627 13.0787
1.87614 0.104614 -0.496686
